% Colors
clr    = [0,112,192; 0 255 255; 0, 130, 65; 146, 208, 80; 255, 255, 0; 255, 0, 102; 112, 48, 160]/255; 
clr    = [ ones(1,3)*0.15; clr];
